
430,	429,	428,	431,	427,	431,	429,	428,	431,	427,	430,	429,	427,	430,	425,	429,	428,	426,	429,	424,	427,	426,	424,	429,	423,	427,	426,	424,	428,	424,	427,	425,	
3,	2,	1,	4,	0,	4,	2,	1,	4,	0,	3,	2,	0,	3,	-2,	2,	1,	-1,	2,	-3,	0,	-1,	-3,	2,	-4,	0,	-1,	-3,	1,	-3,	0,	-2,	
0,	-1,	-2,	1,	-3,	1,	-1,	-2,	1,	-3,	0,	-1,	-3,	0,	-5,	-1,	-2,	-4,	-1,	-6,	-3,	-4,	-6,	-1,	-7,	-3,	-4,	-6,	-2,	-6,	-3,	-5,	

451,	451,	454,	451,	454,	452,	451,	454,	450,	446,	418,	397,	385,	402,	578,	684,	735,	764,	741,	702,	670,	638,	617,	596,	585,	573,	564,	560,	550,	548,	541,	533,	
-89,	-89,	-86,	-89,	-86,	-88,	-89,	-86,	-90,	-94,	-122,	-143,	-155,	-138,	38,	144,	195,	224,	201,	162,	130,	98,	77,	56,	45,	33,	24,	20,	10,	8,	1,	-7,	
-1,	-1,	2,	-1,	2,	0,	-1,	2,	-2,	-6,	-34,	-55,	-67,	-50,	126,	232,	283,	312,	289,	250,	218,	186,	165,	144,	133,	121,	112,	108,	98,	96,	89,	81,	

460,	464,	463,	464,	467,	465,	470,	468,	469,	471,	470,	474,	458,	446,	494,	587,	649,	686,	711,	727,	732,	710,	681,	658,	641,	622,	613,	599,	589,	581,	572,	568,	
-100,	-96,	-97,	-96,	-93,	-95,	-90,	-92,	-91,	-89,	-90,	-86,	-102,	-114,	-66,	27,	89,	126,	151,	167,	172,	150,	121,	98,	81,	62,	53,	39,	29,	21,	12,	8,	
-3,	1,	0,	1,	4,	2,	7,	5,	6,	8,	7,	11,	-5,	-17,	31,	124,	186,	223,	248,	264,	269,	247,	218,	195,	178,	159,	150,	136,	126,	118,	109,	105,	

513,	517,	515,	517,	518,	515,	518,	517,	515,	498,	480,	471,	462,	549,	645,	695,	727,	722,	702,	677,	653,	638,	623,	615,	606,	596,	593,	586,	584,	583,	579,	580,	
-65,	-61,	-63,	-61,	-60,	-63,	-60,	-61,	-63,	-80,	-98,	-107,	-116,	-29,	67,	117,	149,	144,	124,	99,	75,	60,	45,	37,	28,	18,	15,	8,	6,	5,	1,	2,	
-3,	1,	-1,	1,	2,	-1,	2,	1,	-1,	-18,	-36,	-45,	-54,	33,	129,	179,	211,	206,	186,	161,	137,	122,	107,	99,	90,	80,	77,	70,	68,	67,	63,	64,	

744,	747,	750,	749,	750,	749,	753,	737,	705,	678,	655,	674,	754,	809,	840,	854,	846,	832,	818,	808,	798,	794,	790,	786,	781,	773,	766,	759,	752,	748,	741,	738,	
-21,	-18,	-15,	-16,	-15,	-16,	-12,	-28,	-60,	-87,	-110,	-91,	-11,	44,	75,	89,	81,	67,	53,	43,	33,	29,	25,	21,	16,	8,	1,	-6,	-13,	-17,	-24,	-27,	
-4,	-1,	2,	1,	2,	1,	5,	-11,	-43,	-70,	-93,	-74,	6,	61,	92,	106,	98,	84,	70,	60,	50,	46,	42,	38,	33,	25,	18,	11,	4,	0,	-7,	-10,	

33,	33,	36,	32,	35,	33,	32,	34,	30,	34,	31,	31,	33,	28,	33,	29,	31,	34,	27,	32,	30,	31,	31,	27,	32,	28,	29,	32,	28,	32,	29,	29,	
2,	2,	5,	1,	4,	2,	1,	3,	-1,	3,	0,	0,	2,	-3,	2,	-2,	0,	3,	-4,	1,	-1,	0,	0,	-4,	1,	-3,	-2,	1,	-3,	1,	-2,	-2,	
-1,	-1,	2,	-2,	1,	-1,	-2,	0,	-4,	0,	-3,	-3,	-1,	-6,	-1,	-5,	-3,	0,	-7,	-2,	-4,	-3,	-3,	-7,	-2,	-6,	-5,	-2,	-6,	-2,	-5,	-5,	

344,	343,	346,	342,	344,	342,	339,	342,	330,	324,	313,	307,	314,	332,	353,	367,	378,	389,	391,	387,	374,	363,	359,	348,	347,	342,	339,	339,	333,	336,	334,	333,	
-2,	-3,	0,	-4,	-2,	-4,	-7,	-4,	-16,	-22,	-33,	-39,	-32,	-14,	7,	21,	32,	43,	45,	41,	28,	17,	13,	2,	1,	-4,	-7,	-7,	-13,	-10,	-12,	-13,	
0,	-1,	2,	-2,	0,	-2,	-5,	-2,	-14,	-20,	-31,	-37,	-30,	-12,	9,	23,	34,	45,	47,	43,	30,	19,	15,	4,	3,	-2,	-5,	-5,	-11,	-8,	-10,	-11,	

411,	408,	412,	410,	410,	414,	410,	401,	388,	378,	371,	404,	492,	549,	581,	599,	577,	554,	534,	519,	508,	493,	489,	481,	475,	473,	466,	466,	463,	460,	460,	454,	
-55,	-58,	-54,	-56,	-56,	-52,	-56,	-65,	-78,	-88,	-95,	-62,	26,	83,	115,	133,	111,	88,	68,	53,	42,	27,	23,	15,	9,	7,	0,	0,	-3,	-6,	-6,	-12,	
1,	-2,	2,	0,	0,	4,	0,	-9,	-22,	-32,	-39,	-6,	82,	139,	171,	189,	167,	144,	124,	109,	98,	83,	79,	71,	65,	63,	56,	56,	53,	50,	50,	44,	

698,	696,	694,	696,	694,	696,	697,	693,	666,	639,	616,	600,	654,	727,	765,	787,	802,	814,	812,	794,	781,	769,	760,	754,	748,	745,	741,	734,	731,	723,	719,	714,	
-26,	-28,	-30,	-28,	-30,	-28,	-27,	-31,	-58,	-85,	-108,	-124,	-70,	3,	41,	63,	78,	90,	88,	70,	57,	45,	36,	30,	24,	21,	17,	10,	7,	-1,	-5,	-10,	
2,	0,	-2,	0,	-2,	0,	1,	-3,	-30,	-57,	-80,	-96,	-42,	31,	69,	91,	106,	118,	116,	98,	85,	73,	64,	58,	52,	49,	45,	38,	35,	27,	23,	18,	

445,	449,	446,	446,	448,	444,	447,	435,	420,	411,	399,	433,	507,	561,	597,	603,	585,	566,	546,	533,	519,	514,	506,	500,	498,	493,	493,	490,	486,	486,	480,	481,	
-45,	-41,	-44,	-44,	-42,	-46,	-43,	-55,	-70,	-79,	-91,	-57,	17,	71,	107,	113,	95,	76,	56,	43,	29,	24,	16,	10,	8,	3,	3,	0,	-4,	-4,	-10,	-9,	
-1,	3,	0,	0,	2,	-2,	1,	-11,	-26,	-35,	-47,	-13,	61,	115,	151,	157,	139,	120,	100,	87,	73,	68,	60,	54,	52,	47,	47,	44,	40,	40,	34,	35,	

425,	422,	425,	422,	422,	424,	420,	425,	413,	402,	394,	382,	396,	459,	517,	555,	572,	563,	541,	522,	507,	495,	489,	480,	474,	470,	463,	464,	458,	456,	456,	452,	
-36,	-39,	-36,	-39,	-39,	-37,	-41,	-36,	-48,	-59,	-67,	-79,	-65,	-2,	56,	94,	111,	102,	80,	61,	46,	34,	28,	19,	13,	9,	2,	3,	-3,	-5,	-5,	-9,	
1,	-2,	1,	-2,	-2,	0,	-4,	1,	-11,	-22,	-30,	-42,	-28,	35,	93,	131,	148,	139,	117,	98,	83,	71,	65,	56,	50,	46,	39,	40,	34,	32,	32,	28,	

370,	363,	365,	364,	362,	363,	359,	361,	360,	353,	349,	340,	339,	345,	366,	390,	399,	406,	399,	389,	385,	377,	375,	372,	367,	369,	363,	365,	363,	360,	363,	357,	
3,	-4,	-2,	-3,	-5,	-4,	-8,	-6,	-7,	-14,	-18,	-27,	-28,	-22,	-1,	23,	32,	39,	32,	22,	18,	10,	8,	5,	0,	2,	-4,	-2,	-4,	-7,	-4,	-10,	
4,	-3,	-1,	-2,	-4,	-3,	-7,	-5,	-6,	-13,	-17,	-26,	-27,	-21,	0,	24,	33,	40,	33,	23,	19,	11,	9,	6,	1,	3,	-3,	-1,	-3,	-6,	-3,	-9,	

390,	388,	389,	387,	387,	390,	387,	389,	390,	378,	371,	359,	353,	374,	435,	489,	518,	536,	521,	498,	484,	467,	458,	452,	441,	439,	433,	431,	428,	422,	423,	419,	
-36,	-38,	-37,	-39,	-39,	-36,	-39,	-37,	-36,	-48,	-55,	-67,	-73,	-52,	9,	63,	92,	110,	95,	72,	58,	41,	32,	26,	15,	13,	7,	5,	2,	-4,	-3,	-7,	
2,	0,	1,	-1,	-1,	2,	-1,	1,	2,	-10,	-17,	-29,	-35,	-14,	47,	101,	130,	148,	133,	110,	96,	79,	70,	64,	53,	51,	45,	43,	40,	34,	35,	31,	

408,	406,	408,	404,	403,	402,	396,	396,	380,	366,	355,	343,	339,	329,	326,	322,	317,	322,	327,	334,	344,	348,	358,	361,	366,	371,	371,	377,	377,	381,	384,	382,	
42,	40,	42,	38,	37,	36,	30,	30,	14,	0,	-11,	-23,	-27,	-37,	-40,	-44,	-49,	-44,	-39,	-32,	-22,	-18,	-8,	-5,	0,	5,	5,	11,	11,	15,	18,	16,	
2,	0,	2,	-2,	-3,	-4,	-10,	-10,	-26,	-40,	-51,	-63,	-67,	-77,	-80,	-84,	-89,	-84,	-79,	-72,	-62,	-58,	-48,	-45,	-40,	-35,	-35,	-29,	-29,	-25,	-22,	-24,	

470,	468,	468,	471,	467,	470,	468,	468,	470,	456,	445,	431,	422,	451,	557,	624,	666,	687,	669,	640,	620,	598,	582,	570,	558,	552,	545,	541,	538,	534,	534,	530,	
-60,	-62,	-62,	-59,	-63,	-60,	-62,	-62,	-60,	-74,	-85,	-99,	-108,	-79,	27,	94,	136,	157,	139,	110,	90,	68,	52,	40,	28,	22,	15,	11,	8,	4,	4,	0,	
1,	-1,	-1,	2,	-2,	1,	-1,	-1,	1,	-13,	-24,	-38,	-47,	-18,	88,	155,	197,	218,	200,	171,	151,	129,	113,	101,	89,	83,	76,	72,	69,	65,	65,	61,	

707,	710,	710,	710,	710,	711,	703,	672,	647,	625,	609,	601,	595,	593,	588,	588,	601,	614,	633,	646,	654,	663,	667,	675,	678,	681,	684,	684,	687,	687,	689,	690,	
47,	50,	50,	50,	50,	51,	43,	12,	-13,	-35,	-51,	-59,	-65,	-67,	-72,	-72,	-59,	-46,	-27,	-14,	-6,	3,	7,	15,	18,	21,	24,	24,	27,	27,	29,	30,	
-2,	1,	1,	1,	1,	2,	-6,	-37,	-62,	-84,	-100,	-108,	-114,	-116,	-121,	-121,	-108,	-95,	-76,	-63,	-55,	-46,	-42,	-34,	-31,	-28,	-25,	-25,	-22,	-22,	-20,	-19,	

594,	592,	589,	588,	582,	579,	575,	569,	568,	562,	559,	555,	552,	551,	547,	548,	546,	545,	546,	544,	546,	545,	544,	546,	544,	546,	547,	548,	552,	551,	554,	556,	
36,	34,	31,	30,	24,	21,	17,	11,	10,	4,	1,	-3,	-6,	-7,	-11,	-10,	-12,	-13,	-12,	-14,	-12,	-13,	-14,	-12,	-14,	-12,	-11,	-10,	-6,	-7,	-4,	-2,	
3,	1,	-2,	-3,	-9,	-12,	-16,	-22,	-23,	-29,	-32,	-36,	-39,	-40,	-44,	-43,	-45,	-46,	-45,	-47,	-45,	-46,	-47,	-45,	-47,	-45,	-44,	-43,	-39,	-40,	-37,	-35,	

560,	557,	558,	557,	557,	558,	556,	558,	541,	523,	539,	593,	638,	665,	683,	697,	699,	677,	652,	635,	623,	612,	608,	601,	597,	594,	589,	587,	581,	578,	574,	569,	
-37,	-40,	-39,	-40,	-40,	-39,	-41,	-39,	-56,	-74,	-58,	-4,	41,	68,	86,	100,	102,	80,	55,	38,	26,	15,	11,	4,	0,	-3,	-8,	-10,	-16,	-19,	-23,	-28,	
2,	-1,	0,	-1,	-1,	0,	-2,	0,	-17,	-35,	-19,	35,	80,	107,	125,	139,	141,	119,	94,	77,	65,	54,	50,	43,	39,	36,	31,	29,	23,	20,	16,	11,	

446,	444,	447,	444,	444,	447,	439,	427,	414,	405,	406,	471,	549,	599,	632,	657,	671,	666,	637,	610,	590,	573,	562,	549,	541,	536,	530,	527,	522,	518,	516,	510,	
-77,	-79,	-76,	-79,	-79,	-76,	-84,	-96,	-109,	-118,	-117,	-52,	26,	76,	109,	134,	148,	143,	114,	87,	67,	50,	39,	26,	18,	13,	7,	4,	-1,	-5,	-7,	-13,	
1,	-1,	2,	-1,	-1,	2,	-6,	-18,	-31,	-40,	-39,	26,	104,	154,	187,	212,	226,	221,	192,	165,	145,	128,	117,	104,	96,	91,	85,	82,	77,	73,	71,	65,	

758,	761,	763,	766,	769,	770,	773,	747,	711,	682,	657,	638,	620,	607,	595,	589,	617,	651,	677,	699,	713,	726,	732,	739,	744,	746,	750,	752,	755,	758,	757,	759,	
46,	49,	51,	54,	57,	58,	61,	35,	-1,	-30,	-55,	-74,	-92,	-105,	-117,	-123,	-95,	-61,	-35,	-13,	1,	14,	20,	27,	32,	34,	38,	40,	43,	46,	45,	47,	
-4,	-1,	1,	4,	7,	8,	11,	-15,	-51,	-80,	-105,	-124,	-142,	-155,	-167,	-173,	-145,	-111,	-85,	-63,	-49,	-36,	-30,	-23,	-18,	-16,	-12,	-10,	-7,	-4,	-5,	-3,	

836,	837,	837,	838,	838,	839,	840,	838,	840,	838,	814,	783,	766,	761,	755,	750,	746,	739,	737,	747,	766,	783,	794,	803,	809,	815,	818,	820,	824,	825,	827,	830,	
33,	34,	34,	35,	35,	36,	37,	35,	37,	35,	11,	-20,	-37,	-42,	-48,	-53,	-57,	-64,	-66,	-56,	-37,	-20,	-9,	0,	6,	12,	15,	17,	21,	22,	24,	27,	
-1,	0,	0,	1,	1,	2,	3,	1,	3,	1,	-23,	-54,	-71,	-76,	-82,	-87,	-91,	-98,	-100,	-90,	-71,	-54,	-43,	-34,	-28,	-22,	-19,	-17,	-13,	-12,	-10,	-7,	

840,	840,	841,	839,	841,	841,	841,	842,	843,	842,	843,	842,	843,	844,	844,	846,	844,	846,	846,	846,	846,	845,	846,	846,	845,	847,	846,	846,	845,	846,	846,	845,	
-4,	-4,	-3,	-5,	-3,	-3,	-3,	-2,	-1,	-2,	-1,	-2,	-1,	0,	0,	2,	0,	2,	2,	2,	2,	1,	2,	2,	1,	3,	2,	2,	1,	2,	2,	1,	
0,	0,	1,	-1,	1,	1,	1,	2,	3,	2,	3,	2,	3,	4,	4,	6,	4,	6,	6,	6,	6,	5,	6,	6,	5,	7,	6,	6,	5,	6,	6,	5,	

854,	853,	854,	853,	852,	853,	852,	853,	848,	821,	797,	777,	766,	757,	750,	744,	736,	737,	754,	775,	790,	802,	812,	819,	824,	828,	831,	834,	838,	841,	841,	
43,	42,	43,	42,	41,	42,	41,	42,	37,	10,	-14,	-34,	-45,	-54,	-61,	-67,	-75,	-74,	-57,	-36,	-21,	-9,	1,	8,	13,	17,	20,	23,	27,	30,	30,	
0,	-1,	0,	-1,	-2,	-1,	-2,	-1,	-6,	-33,	-57,	-77,	-88,	-97,	-104,	-110,	-118,	-117,	-100,	-79,	-64,	-52,	-42,	-35,	-30,	-26,	-23,	-20,	-16,	-13,	-13,	

778,	778,	778,	780,	779,	780,	781,	780,	781,	780,	777,	754,	728,	741,	769,	783,	793,	790,	782,	776,	774,	773,	772,	772,	772,	770,	772,	771,	772,	772,	771,	772,	
5,	5,	5,	7,	6,	7,	8,	7,	8,	7,	4,	-19,	-45,	-32,	-4,	10,	20,	17,	9,	3,	1,	0,	-1,	-1,	-1,	-3,	-1,	-2,	-1,	-1,	-2,	-1,	
0,	0,	0,	2,	1,	2,	3,	2,	3,	2,	-1,	-24,	-50,	-37,	-9,	5,	15,	12,	4,	-2,	-4,	-5,	-6,	-6,	-6,	-8,	-6,	-7,	-6,	-6,	-7,	-6,	

769,	767,	767,	769,	766,	767,	766,	766,	767,	764,	741,	715,	745,	780,	800,	813,	820,	827,	818,	805,	797,	790,	785,	781,	778,	778,	775,	775,	773,	771,	769,	764,	
-8,	-10,	-10,	-8,	-11,	-10,	-11,	-11,	-10,	-13,	-36,	-62,	-32,	3,	23,	36,	43,	50,	41,	28,	20,	13,	8,	4,	1,	1,	-2,	-2,	-4,	-6,	-8,	-13,	
1,	-1,	-1,	1,	-2,	-1,	-2,	-2,	-1,	-4,	-27,	-53,	-23,	12,	32,	45,	52,	59,	50,	37,	29,	22,	17,	13,	10,	10,	7,	7,	5,	3,	1,	-4,	

406,	405,	404,	407,	404,	408,	408,	409,	411,	408,	400,	394,	461,	544,	591,	623,	641,	652,	646,	614,	587,	563,	548,	535,	521,	514,	505,	498,	495,	486,	485,	478,	
-89,	-90,	-91,	-88,	-91,	-87,	-87,	-86,	-84,	-87,	-95,	-101,	-34,	49,	96,	128,	146,	157,	151,	119,	92,	68,	53,	40,	26,	19,	10,	3,	0,	-9,	-10,	-17,	
0,	-1,	-2,	1,	-2,	2,	2,	3,	5,	2,	-6,	-12,	55,	138,	185,	217,	235,	246,	240,	208,	181,	157,	142,	129,	115,	108,	99,	92,	89,	80,	79,	72,	

462,	465,	464,	464,	465,	462,	464,	463,	451,	439,	474,	560,	615,	648,	674,	692,	697,	670,	646,	624,	603,	591,	577,	568,	562,	552,	551,	545,	542,	541,	536,	535,	
-88,	-85,	-86,	-86,	-85,	-88,	-86,	-87,	-99,	-111,	-76,	10,	65,	98,	124,	142,	147,	120,	96,	74,	53,	41,	27,	18,	12,	2,	1,	-5,	-8,	-9,	-14,	-15,	
-2,	1,	0,	0,	1,	-2,	0,	-1,	-13,	-25,	10,	96,	151,	184,	210,	228,	233,	206,	182,	160,	139,	127,	113,	104,	98,	88,	87,	81,	78,	77,	72,	71,	

14,	15,	15,	13,	14,	14,	14,	13,	12,	14,	14,	14,	14,	14,	15,	13,	14,	14,	13,	14,	14,	14,	14,	13,	14,	14,	14,	14,	13,	14,	13,	13,	
0,	1,	1,	-1,	0,	0,	0,	-1,	-2,	0,	0,	0,	0,	0,	1,	-1,	0,	0,	-1,	0,	0,	0,	0,	-1,	0,	0,	0,	0,	-1,	0,	-1,	-1,	
0,	1,	1,	-1,	0,	0,	0,	-1,	-2,	0,	0,	0,	0,	0,	1,	-1,	0,	0,	-1,	0,	0,	0,	0,	-1,	0,	0,	0,	0,	-1,	0,	-1,	-1,	

10,	10,	11,	10,	11,	11,	10,	10,	10,	12,	10,	9,	11,	9,	10,	9,	9,	10,	9,	9,	7,	8,	1,	6,	11,	9,	11,	12,	9,	12,	8,	12,	
0,	0,	1,	0,	1,	1,	0,	0,	0,	2,	0,	-1,	1,	-1,	0,	-1,	-1,	0,	-1,	-1,	-3,	-2,	-9,	-4,	1,	-1,	1,	2,	-1,	2,	-2,	2,	
0,	0,	1,	0,	1,	1,	0,	0,	0,	2,	0,	-1,	1,	-1,	0,	-1,	-1,	0,	-1,	-1,	-3,	-2,	-9,	-4,	1,	-1,	1,	2,	-1,	2,	-2,	2,	

1,	3,	1,	1,	1,	1,	3,	1,	3,	2,	1,	3,	1,	3,	2,	1,	2,	0,	2,	2,	1,	3,	1,	3,	2,	1,	3,	1,	2,	3,	1,	3,	
-1,	1,	-1,	-1,	-1,	-1,	1,	-1,	1,	0,	-1,	1,	-1,	1,	0,	-1,	0,	-2,	0,	0,	-1,	1,	-1,	1,	0,	-1,	1,	-1,	0,	1,	-1,	1,	
-1,	1,	-1,	-1,	-1,	-1,	1,	-1,	1,	0,	-1,	1,	-1,	1,	0,	-1,	0,	-2,	0,	0,	-1,	1,	-1,	1,	0,	-1,	1,	-1,	0,	1,	-1,	1,	

2,	2,	1,	2,	0,	1,	2,	0,	3,	1,	1,	2,	1,	3,	1,	2,	2,	1,	3,	1,	1,	2,	0,	2,	1,	1,	2,	0,	2,	1,	1,	2,	
1,	1,	0,	1,	-1,	0,	1,	-1,	2,	0,	0,	1,	0,	2,	0,	1,	1,	0,	2,	0,	0,	1,	-1,	1,	0,	0,	1,	-1,	1,	0,	0,	1,	
0,	0,	-1,	0,	-2,	-1,	0,	-2,	1,	-1,	-1,	0,	-1,	1,	-1,	0,	0,	-1,	1,	-1,	-1,	0,	-2,	0,	-1,	-1,	0,	-2,	0,	-1,	-1,	0,	

3,	1,	2,	2,	1,	2,	1,	2,	2,	1,	2,	1,	2,	2,	1,	2,	1,	2,	1,	1,	3,	0,	3,	2,	1,	3,	0,	1,	1,	0,	3,	1,	
1,	-1,	0,	0,	-1,	0,	-1,	0,	0,	-1,	0,	-1,	0,	0,	-1,	0,	-1,	0,	-1,	-1,	1,	-2,	1,	0,	-1,	1,	-2,	-1,	-1,	-2,	1,	-1,	
1,	-1,	0,	0,	-1,	0,	-1,	0,	0,	-1,	0,	-1,	0,	0,	-1,	0,	-1,	0,	-1,	-1,	1,	-2,	1,	0,	-1,	1,	-2,	-1,	-1,	-2,	1,	-1,	

2,	0,	2,	1,	1,	3,	1,	4,	1,	2,	1,	0,	3,	1,	1,	1,	0,	2,	0,	1,	2,	1,	2,	1,	2,	2,	0,	2,	0,	1,	2,	1,	
1,	-1,	1,	0,	0,	2,	0,	3,	0,	1,	0,	-1,	2,	0,	0,	0,	-1,	1,	-1,	0,	1,	0,	1,	0,	1,	1,	-1,	1,	-1,	0,	1,	0,	
1,	-1,	1,	0,	0,	2,	0,	3,	0,	1,	0,	-1,	2,	0,	0,	0,	-1,	1,	-1,	0,	1,	0,	1,	0,	1,	1,	-1,	1,	-1,	0,	1,	0,	

4,	7,	4,	6,	5,	5,	6,	5,	7,	6,	3,	6,	3,	6,	6,	4,	6,	5,	6,	6,	4,	8,	5,	7,	6,	5,	7,	5,	6,	6,	5,	6,	
-2,	1,	-2,	0,	-1,	-1,	0,	-1,	1,	0,	-3,	0,	-3,	0,	0,	-2,	0,	-1,	0,	0,	-2,	2,	-1,	1,	0,	-1,	1,	-1,	0,	0,	-1,	0,	
-1,	2,	-1,	1,	0,	0,	1,	0,	2,	1,	-2,	1,	-2,	1,	1,	-1,	1,	0,	1,	1,	-1,	3,	0,	2,	1,	0,	2,	0,	1,	1,	0,	1,	

7,	4,	5,	4,	4,	6,	4,	5,	4,	4,	5,	3,	6,	5,	4,	6,	4,	5,	5,	5,	6,	4,	5,	5,	4,	6,	4,	6,	6,	4,	6,	
2,	-1,	0,	-1,	-1,	1,	-1,	0,	-1,	-1,	0,	-2,	1,	0,	-1,	1,	-1,	0,	0,	0,	1,	-1,	0,	0,	-1,	1,	-1,	1,	1,	-1,	1,	
2,	-1,	0,	-1,	-1,	1,	-1,	0,	-1,	-1,	0,	-2,	1,	0,	-1,	1,	-1,	0,	0,	0,	1,	-1,	0,	0,	-1,	1,	-1,	1,	1,	-1,	1,	

1,	2,	3,	1,	3,	1,	2,	3,	2,	4,	1,	3,	2,	1,	3,	1,	2,	4,	1,	2,	2,	2,	3,	2,	4,	1,	2,	3,	1,	3,	3,	4,	
-1,	0,	1,	-1,	1,	-1,	0,	1,	0,	2,	-1,	1,	0,	-1,	1,	-1,	0,	2,	-1,	0,	0,	0,	1,	0,	2,	-1,	0,	1,	-1,	1,	1,	2,	
-1,	0,	1,	-1,	1,	-1,	0,	1,	0,	2,	-1,	1,	0,	-1,	1,	-1,	0,	2,	-1,	0,	0,	0,	1,	0,	2,	-1,	0,	1,	-1,	1,	1,	2,	

17,	15,	18,	15,	17,	18,	17,	18,	17,	17,	19,	18,	20,	17,	19,	19,	19,	20,	18,	20,	20,	21,	18,	20,	21,	20,	20,	20,	20,	21,	20,	
-2,	-4,	-1,	-4,	-2,	-1,	-2,	-1,	-2,	-2,	0,	-1,	1,	-2,	0,	0,	0,	1,	-1,	1,	1,	2,	-1,	1,	2,	1,	1,	1,	1,	2,	1,	
1,	-1,	2,	-1,	1,	2,	1,	2,	1,	1,	3,	2,	4,	1,	3,	3,	3,	4,	2,	4,	4,	5,	2,	4,	5,	4,	4,	4,	4,	5,	4,	

15,	14,	14,	15,	12,	14,	13,	12,	15,	12,	14,	14,	12,	14,	12,	14,	13,	12,	14,	11,	13,	14,	13,	13,	13,	14,	13,	13,	14,	13,	14,	13,	
2,	1,	1,	2,	-1,	1,	0,	-1,	2,	-1,	1,	1,	-1,	1,	-1,	1,	0,	-1,	1,	-2,	0,	1,	0,	0,	0,	1,	0,	0,	1,	0,	1,	0,	
1,	0,	0,	1,	-2,	0,	-1,	-2,	1,	-2,	0,	0,	-2,	0,	-2,	0,	-1,	-2,	0,	-3,	-1,	0,	-1,	-1,	-1,	0,	-1,	-1,	0,	-1,	0,	-1,	

14,	15,	13,	15,	13,	15,	15,	13,	15,	14,	13,	15,	13,	17,	14,	14,	16,	13,	17,	14,	15,	15,	15,	17,	15,	14,	17,	14,	15,	15,	14,	17,	
-1,	0,	-2,	0,	-2,	0,	0,	-2,	0,	-1,	-2,	0,	-2,	2,	-1,	-1,	1,	-2,	2,	-1,	0,	0,	0,	2,	0,	-1,	2,	-1,	0,	0,	-1,	2,	
0,	1,	-1,	1,	-1,	1,	1,	-1,	1,	0,	-1,	1,	-1,	3,	0,	0,	2,	-1,	3,	0,	1,	1,	1,	3,	1,	0,	3,	0,	1,	1,	0,	3,	

265,	269,	273,	277,	279,	282,	283,	285,	286,	285,	267,	246,	232,	222,	281,	388,	451,	488,	488,	457,	428,	407,	390,	377,	368,	361,	357,	353,	350,	348,	345,	340,	
-70,	-66,	-62,	-58,	-56,	-53,	-52,	-50,	-49,	-50,	-68,	-89,	-103,	-113,	-54,	53,	116,	153,	153,	122,	93,	72,	55,	42,	33,	26,	22,	18,	15,	13,	10,	5,	
-6,	-2,	2,	6,	8,	11,	12,	14,	15,	14,	-4,	-25,	-39,	-49,	10,	117,	180,	217,	217,	186,	157,	136,	119,	106,	97,	90,	86,	82,	79,	77,	74,	69,	

67,	68,	68,	67,	68,	66,	67,	67,	63,	64,	61,	60,	64,	80,	108,	132,	150,	148,	136,	130,	122,	117,	112,	109,	110,	106,	107,	106,	105,	108,	107,	109,	
-28,	-27,	-27,	-28,	-27,	-29,	-28,	-28,	-32,	-31,	-34,	-35,	-31,	-15,	13,	37,	55,	53,	41,	35,	27,	22,	17,	14,	15,	11,	12,	11,	10,	13,	12,	14,	
-1,	0,	0,	-1,	0,	-2,	-1,	-1,	-5,	-4,	-7,	-8,	-4,	12,	40,	64,	82,	80,	68,	62,	54,	49,	44,	41,	42,	38,	39,	38,	37,	40,	39,	41,	

107,	105,	106,	106,	106,	108,	106,	107,	108,	107,	109,	106,	109,	107,	105,	108,	104,	106,	104,	102,	104,	100,	102,	99,	97,	98,	95,	95,	94,	91,	94,	90,	
4,	2,	3,	3,	3,	5,	3,	4,	5,	4,	6,	3,	6,	4,	2,	5,	1,	3,	1,	-1,	1,	-3,	-1,	-4,	-6,	-5,	-8,	-8,	-9,	-12,	-9,	-13,	
1,	-1,	0,	0,	0,	2,	0,	1,	2,	1,	3,	0,	3,	1,	-1,	2,	-2,	0,	-2,	-4,	-2,	-6,	-4,	-7,	-9,	-8,	-11,	-11,	-12,	-15,	-12,	-16,	

129,	125,	128,	125,	124,	124,	120,	121,	113,	109,	107,	102,	127,	168,	202,	230,	229,	219,	205,	192,	184,	175,	169,	164,	160,	157,	151,	149,	146,	142,	142,	137,	
-23,	-27,	-24,	-27,	-28,	-28,	-32,	-31,	-39,	-43,	-45,	-50,	-25,	16,	50,	78,	77,	67,	53,	40,	32,	23,	17,	12,	8,	5,	-1,	-3,	-6,	-10,	-10,	-15,	
2,	-2,	1,	-2,	-3,	-3,	-7,	-6,	-14,	-18,	-20,	-25,	0,	41,	75,	103,	102,	92,	78,	65,	57,	48,	42,	37,	33,	30,	24,	22,	19,	15,	15,	10,	

134,	132,	134,	139,	140,	145,	149,	153,	158,	148,	140,	131,	126,	139,	174,	209,	229,	238,	231,	221,	214,	209,	205,	203,	201,	201,	201,	201,	204,	202,	205,	205,	
-45,	-47,	-45,	-40,	-39,	-34,	-30,	-26,	-21,	-31,	-39,	-48,	-53,	-40,	-5,	30,	50,	59,	52,	42,	35,	30,	26,	24,	22,	22,	22,	22,	25,	23,	26,	26,	
-1,	-3,	-1,	4,	5,	10,	14,	18,	23,	13,	5,	-4,	-9,	4,	39,	74,	94,	103,	96,	86,	79,	74,	70,	68,	66,	66,	66,	66,	69,	67,	70,	70,	

227,	226,	225,	227,	233,	238,	247,	255,	263,	271,	274,	280,	279,	280,	279,	276,	274,	269,	266,	265,	261,	261,	259,	260,	261,	261,	265,	267,	270,	275,	279,	287,	
-34,	-35,	-36,	-34,	-28,	-23,	-14,	-6,	2,	10,	13,	19,	18,	19,	18,	15,	13,	8,	5,	4,	0,	0,	-2,	-1,	0,	0,	4,	6,	9,	14,	18,	26,	
1,	0,	-1,	1,	7,	12,	21,	29,	37,	45,	48,	54,	53,	54,	53,	50,	48,	43,	40,	39,	35,	35,	33,	34,	35,	35,	39,	41,	44,	49,	53,	61,	

383,	388,	396,	401,	403,	405,	403,	395,	369,	344,	328,	314,	326,	340,	356,	370,	368,	363,	355,	349,	347,	342,	343,	342,	342,	343,	342,	343,	341,	341,	342,	341,	
25,	30,	38,	43,	45,	47,	45,	37,	11,	-14,	-30,	-44,	-32,	-18,	-2,	12,	10,	5,	-3,	-9,	-11,	-16,	-15,	-16,	-16,	-15,	-16,	-15,	-17,	-17,	-16,	-17,	
-9,	-4,	4,	9,	11,	13,	11,	3,	-23,	-48,	-64,	-78,	-66,	-52,	-36,	-22,	-24,	-29,	-37,	-43,	-45,	-50,	-49,	-50,	-50,	-49,	-50,	-49,	-51,	-51,	-50,	-51,	

42,	42,	40,	43,	42,	42,	44,	41,	42,	42,	42,	44,	41,	43,	42,	42,	44,	43,	42,	42,	45,	42,	43,	43,	42,	43,	41,	44,	41,	42,	44,	
0,	0,	-2,	1,	0,	0,	2,	-1,	0,	0,	0,	2,	-1,	1,	0,	0,	2,	1,	0,	0,	3,	0,	1,	1,	0,	1,	-1,	2,	-1,	0,	2,	
0,	0,	-2,	1,	0,	0,	2,	-1,	0,	0,	0,	2,	-1,	1,	0,	0,	2,	1,	0,	0,	3,	0,	1,	1,	0,	1,	-1,	2,	-1,	0,	2,	

100,	100,	105,	106,	109,	111,	108,	104,	96,	92,	91,	119,	168,	200,	223,	221,	203,	188,	175,	165,	158,	150,	148,	143,	140,	138,	136,	136,	133,	133,	132,	130,	
-39,	-39,	-34,	-33,	-30,	-28,	-31,	-35,	-43,	-47,	-48,	-20,	29,	61,	84,	82,	64,	49,	36,	26,	19,	11,	9,	4,	1,	-1,	-3,	-3,	-6,	-6,	-7,	-9,	
-3,	-3,	2,	3,	6,	8,	5,	1,	-7,	-11,	-12,	16,	65,	97,	120,	118,	100,	85,	72,	62,	55,	47,	45,	40,	37,	35,	33,	33,	30,	30,	29,	27,	

145,	141,	143,	141,	140,	141,	138,	138,	136,	136,	136,	134,	135,	133,	132,	132,	129,	131,	128,	127,	128,	127,	126,	125,	125,	125,	123,	123,	122,	121,	122,	120,	
14,	10,	12,	10,	9,	10,	7,	7,	5,	5,	5,	3,	4,	2,	1,	1,	-2,	0,	-3,	-4,	-3,	-4,	-5,	-6,	-6,	-6,	-8,	-8,	-9,	-10,	-9,	-11,	
3,	-1,	1,	-1,	-2,	-1,	-4,	-4,	-6,	-6,	-6,	-8,	-7,	-9,	-10,	-10,	-13,	-11,	-14,	-15,	-14,	-15,	-16,	-17,	-17,	-17,	-19,	-19,	-20,	-21,	-20,	-22,	

124,	123,	123,	124,	123,	121,	121,	119,	114,	112,	108,	109,	129,	160,	185,	201,	200,	189,	179,	171,	163,	158,	153,	151,	147,	145,	143,	142,	142,	142,	141,	140,	
-20,	-21,	-21,	-20,	-21,	-23,	-23,	-25,	-30,	-32,	-36,	-35,	-15,	16,	41,	57,	56,	45,	35,	27,	19,	14,	9,	7,	3,	1,	-1,	-2,	-2,	-2,	-3,	-4,	
0,	-1,	-1,	0,	-1,	-3,	-3,	-5,	-10,	-12,	-16,	-15,	5,	36,	61,	77,	76,	65,	55,	47,	39,	34,	29,	27,	23,	21,	19,	18,	18,	18,	17,	16,	

147,	146,	146,	146,	144,	143,	144,	143,	143,	142,	141,	140,	139,	139,	137,	137,	136,	136,	135,	135,	134,	134,	135,	135,	135,	133,	135,	134,	134,	133,	132,	133,	
9,	8,	8,	8,	6,	5,	6,	5,	5,	4,	3,	2,	1,	1,	-1,	-1,	-2,	-2,	-3,	-3,	-4,	-4,	-3,	-3,	-3,	-5,	-3,	-4,	-4,	-5,	-6,	-5,	
1,	0,	0,	0,	-2,	-3,	-2,	-3,	-3,	-4,	-5,	-6,	-7,	-7,	-9,	-9,	-10,	-10,	-11,	-11,	-12,	-12,	-11,	-11,	-11,	-13,	-11,	-12,	-12,	-13,	-14,	-13,	

142,	142,	142,	142,	142,	143,	143,	143,	139,	135,	129,	126,	128,	185,	251,	292,	312,	301,	278,	259,	246,	236,	227,	220,	213,	209,	204,	200,	197,	195,	193,	191,	
-52,	-52,	-52,	-52,	-52,	-51,	-51,	-51,	-55,	-59,	-65,	-68,	-66,	-9,	57,	98,	118,	107,	84,	65,	52,	42,	33,	26,	19,	15,	10,	6,	3,	1,	-1,	-3,	
0,	0,	0,	0,	0,	1,	1,	1,	-3,	-7,	-13,	-16,	-14,	43,	109,	150,	170,	159,	136,	117,	104,	94,	85,	78,	71,	67,	62,	58,	55,	53,	51,	49,	

181,	181,	180,	178,	177,	177,	176,	175,	173,	175,	173,	173,	172,	172,	172,	171,	170,	170,	168,	168,	167,	166,	166,	164,	165,	164,	163,	162,	162,	163,	162,	162,	
11,	11,	10,	8,	7,	7,	6,	5,	3,	5,	3,	3,	2,	2,	2,	1,	0,	0,	-2,	-2,	-3,	-4,	-4,	-6,	-5,	-6,	-7,	-8,	-8,	-7,	-8,	-8,	
1,	1,	0,	-2,	-3,	-3,	-4,	-5,	-7,	-5,	-7,	-7,	-8,	-8,	-8,	-9,	-10,	-10,	-12,	-12,	-13,	-14,	-14,	-16,	-15,	-16,	-17,	-18,	-18,	-17,	-18,	-18,	

167,	165,	165,	166,	164,	165,	163,	164,	163,	163,	161,	161,	161,	159,	160,	160,	160,	161,	161,	162,	161,	163,	164,	165,	164,	165,	165,	165,	166,	166,	167,	165,	
4,	2,	2,	3,	1,	2,	0,	1,	0,	0,	-2,	-2,	-2,	-4,	-3,	-3,	-3,	-2,	-2,	-1,	-2,	0,	1,	2,	1,	2,	2,	2,	3,	3,	4,	2,	
1,	-1,	-1,	0,	-2,	-1,	-3,	-2,	-3,	-3,	-5,	-5,	-5,	-7,	-6,	-6,	-6,	-5,	-5,	-4,	-5,	-3,	-2,	-1,	-2,	-1,	-1,	-1,	0,	0,	1,	-1,	

169,	169,	169,	168,	168,	168,	169,	169,	168,	168,	168,	167,	167,	167,	166,	168,	168,	168,	170,	169,	170,	170,	169,	167,	166,	165,	164,	164,	163,	161,	162,	162,	
2,	2,	2,	1,	1,	1,	2,	2,	1,	1,	1,	0,	0,	0,	-1,	1,	1,	1,	3,	2,	3,	3,	2,	0,	-1,	-2,	-3,	-3,	-4,	-6,	-5,	-5,	
0,	0,	0,	-1,	-1,	-1,	0,	0,	-1,	-1,	-1,	-2,	-2,	-2,	-3,	-1,	-1,	-1,	1,	0,	1,	1,	0,	-2,	-3,	-4,	-5,	-5,	-6,	-8,	-7,	-7,	

167,	166,	166,	168,	168,	168,	167,	167,	167,	168,	167,	166,	165,	165,	164,	163,	161,	161,	161,	159,	158,	156,	156,	156,	155,	156,	155,	154,	154,	153,	154,	153,	
6,	5,	5,	7,	7,	7,	6,	6,	6,	7,	6,	5,	4,	4,	3,	2,	0,	0,	0,	-2,	-3,	-5,	-5,	-5,	-6,	-5,	-6,	-7,	-7,	-8,	-7,	-8,	
0,	-1,	-1,	1,	1,	1,	0,	0,	0,	1,	0,	-1,	-2,	-2,	-3,	-4,	-6,	-6,	-6,	-8,	-9,	-11,	-11,	-11,	-12,	-11,	-12,	-13,	-13,	-14,	-13,	-14,	

173,	172,	173,	176,	176,	176,	177,	177,	178,	178,	178,	172,	162,	201,	301,	371,	412,	446,	474,	486,	459,	425,	398,	374,	354,	338,	325,	315,	308,	299,	293,	288,	
-112,	-113,	-112,	-109,	-109,	-109,	-108,	-108,	-107,	-107,	-107,	-113,	-123,	-84,	16,	86,	127,	161,	189,	201,	174,	140,	113,	89,	69,	53,	40,	30,	23,	14,	8,	3,	
-1,	-2,	-1,	2,	2,	2,	3,	3,	4,	4,	4,	-2,	-12,	27,	127,	197,	238,	272,	300,	312,	285,	251,	224,	200,	180,	164,	151,	141,	134,	125,	119,	114,	

152,	152,	151,	150,	149,	149,	148,	148,	147,	147,	147,	147,	145,	143,	146,	144,	144,	144,	142,	142,	143,	141,	141,	140,	140,	139,	139,	139,	138,	137,	136,	135,	
8,	8,	7,	6,	5,	5,	4,	4,	3,	3,	3,	3,	1,	-1,	2,	0,	0,	0,	-2,	-2,	-1,	-3,	-3,	-4,	-4,	-5,	-5,	-5,	-6,	-7,	-8,	-9,	
1,	1,	0,	-1,	-2,	-2,	-3,	-3,	-4,	-4,	-4,	-4,	-6,	-8,	-5,	-7,	-7,	-7,	-9,	-9,	-8,	-10,	-10,	-11,	-11,	-12,	-12,	-12,	-13,	-14,	-15,	-16,	

145,	146,	145,	145,	145,	145,	145,	144,	144,	140,	135,	153,	196,	229,	260,	271,	258,	241,	228,	218,	209,	202,	196,	192,	188,	186,	183,	180,	178,	176,	175,	173,	
-38,	-37,	-38,	-38,	-38,	-38,	-38,	-39,	-39,	-43,	-48,	-30,	13,	46,	77,	88,	75,	58,	45,	35,	26,	19,	13,	9,	5,	3,	0,	-3,	-5,	-7,	-8,	-10,	
0,	1,	0,	0,	0,	0,	0,	-1,	-1,	-5,	-10,	8,	51,	84,	115,	126,	113,	96,	83,	73,	64,	57,	51,	47,	43,	41,	38,	35,	33,	31,	30,	28,	

114,	113,	114,	113,	113,	113,	112,	112,	112,	110,	106,	104,	103,	112,	141,	173,	196,	210,	201,	188,	178,	169,	165,	160,	155,	151,	149,	147,	145,	142,	142,	139,	
-27,	-28,	-27,	-28,	-28,	-28,	-29,	-29,	-29,	-31,	-35,	-37,	-38,	-29,	0,	32,	55,	69,	60,	47,	37,	28,	24,	19,	14,	10,	8,	6,	4,	1,	1,	-2,	
0,	-1,	0,	-1,	-1,	-1,	-2,	-2,	-2,	-4,	-8,	-10,	-11,	-2,	27,	59,	82,	96,	87,	74,	64,	55,	51,	46,	41,	37,	35,	33,	31,	28,	28,	25,	

332,	331,	333,	333,	333,	335,	334,	337,	328,	303,	282,	265,	265,	323,	393,	437,	461,	453,	434,	416,	403,	391,	384,	378,	374,	371,	368,	367,	365,	364,	366,	363,	
-28,	-29,	-27,	-27,	-27,	-25,	-26,	-23,	-32,	-57,	-78,	-95,	-95,	-37,	33,	77,	101,	93,	74,	56,	43,	31,	24,	18,	14,	11,	8,	7,	5,	4,	6,	3,	
0,	-1,	1,	1,	1,	3,	2,	5,	-4,	-29,	-50,	-67,	-67,	-9,	61,	105,	129,	121,	102,	84,	71,	59,	52,	46,	42,	39,	36,	35,	33,	32,	34,	31,	

377,	378,	380,	379,	380,	380,	381,	373,	347,	329,	314,	314,	388,	456,	495,	523,	513,	493,	472,	458,	446,	436,	430,	422,	419,	414,	411,	409,	402,	396,	390,	384,	
-32,	-31,	-29,	-30,	-29,	-29,	-28,	-36,	-62,	-80,	-95,	-95,	-21,	47,	86,	114,	104,	84,	63,	49,	37,	27,	21,	13,	10,	5,	2,	0,	-7,	-13,	-19,	-25,	
-1,	0,	2,	1,	2,	2,	3,	-5,	-31,	-49,	-64,	-64,	10,	78,	117,	145,	135,	115,	94,	80,	68,	58,	52,	44,	41,	36,	33,	31,	24,	18,	12,	6,	

152,	150,	152,	150,	152,	152,	150,	153,	151,	149,	145,	154,	203,	256,	296,	325,	347,	360,	342,	316,	295,	277,	266,	256,	247,	240,	233,	230,	224,	222,	220,	214,	
-72,	-74,	-72,	-74,	-72,	-72,	-74,	-71,	-73,	-75,	-79,	-70,	-21,	32,	72,	101,	123,	136,	118,	92,	71,	53,	42,	32,	23,	16,	9,	6,	0,	-2,	-4,	-10,	
1,	-1,	1,	-1,	1,	1,	-1,	2,	0,	-2,	-6,	3,	52,	105,	145,	174,	196,	209,	191,	165,	144,	126,	115,	105,	96,	89,	82,	79,	73,	71,	69,	63,	

140,	139,	140,	139,	138,	141,	139,	140,	139,	139,	141,	134,	131,	126,	122,	148,	201,	249,	282,	290,	275,	254,	239,	226,	216,	209,	201,	198,	192,	188,	186,	181,	
-41,	-42,	-41,	-42,	-43,	-40,	-42,	-41,	-42,	-42,	-40,	-47,	-50,	-55,	-59,	-33,	20,	68,	101,	109,	94,	73,	58,	45,	35,	28,	20,	17,	11,	7,	5,	0,	
0,	-1,	0,	-1,	-2,	1,	-1,	0,	-1,	-1,	1,	-6,	-9,	-14,	-18,	8,	61,	109,	142,	150,	135,	114,	99,	86,	76,	69,	61,	58,	52,	48,	46,	41,	

234,	236,	234,	236,	234,	237,	237,	235,	236,	221,	210,	201,	197,	282,	393,	456,	495,	487,	458,	424,	397,	376,	358,	347,	334,	326,	317,	308,	304,	298,	291,	288,	
-75,	-73,	-75,	-73,	-75,	-72,	-72,	-74,	-73,	-88,	-99,	-108,	-112,	-27,	84,	147,	186,	178,	149,	115,	88,	67,	49,	38,	25,	17,	8,	-1,	-5,	-11,	-18,	-21,	
-1,	1,	-1,	1,	-1,	2,	2,	0,	1,	-14,	-25,	-34,	-38,	47,	158,	221,	260,	252,	223,	189,	162,	141,	123,	112,	99,	91,	82,	73,	69,	63,	56,	53,	

189,	189,	187,	188,	189,	187,	189,	187,	187,	187,	186,	188,	186,	187,	186,	185,	186,	184,	185,	186,	183,	186,	184,	185,	186,	184,	186,	185,	187,	187,	187,	188,	
3,	3,	1,	2,	3,	1,	3,	1,	1,	1,	0,	2,	0,	1,	0,	-1,	0,	-2,	-1,	0,	-3,	0,	-2,	-1,	0,	-2,	0,	-1,	1,	1,	1,	2,	
1,	1,	-1,	0,	1,	-1,	1,	-1,	-1,	-1,	-2,	0,	-2,	-1,	-2,	-3,	-2,	-4,	-3,	-2,	-5,	-2,	-4,	-3,	-2,	-4,	-2,	-3,	-1,	-1,	-1,	0,	

169,	167,	170,	168,	170,	169,	169,	169,	164,	160,	155,	150,	156,	199,	254,	293,	317,	311,	289,	274,	257,	247,	240,	231,	226,	221,	215,	215,	209,	207,	203,	201,	
-42,	-44,	-41,	-43,	-41,	-42,	-42,	-42,	-47,	-51,	-56,	-61,	-55,	-12,	43,	82,	106,	100,	78,	63,	46,	36,	29,	20,	15,	10,	4,	4,	-2,	-4,	-8,	-10,	
1,	-1,	2,	0,	2,	1,	1,	1,	-4,	-8,	-13,	-18,	-12,	31,	86,	125,	149,	143,	121,	106,	89,	79,	72,	63,	58,	53,	47,	47,	41,	39,	35,	33,	

156,	153,	155,	155,	155,	156,	155,	156,	159,	156,	159,	157,	158,	159,	158,	159,	159,	159,	160,	158,	160,	159,	160,	161,	158,	161,	159,	159,	161,	157,	160,	159,	
-2,	-5,	-3,	-3,	-3,	-2,	-3,	-2,	1,	-2,	1,	-1,	0,	1,	0,	1,	1,	1,	2,	0,	2,	1,	2,	3,	0,	3,	1,	1,	3,	-1,	2,	1,	
1,	-2,	0,	0,	0,	1,	0,	1,	4,	1,	4,	2,	3,	4,	3,	4,	4,	4,	5,	3,	5,	4,	5,	6,	3,	6,	4,	4,	6,	2,	5,	4,	

133,	134,	132,	132,	132,	129,	132,	130,	128,	125,	121,	121,	118,	149,	192,	226,	252,	248,	232,	219,	206,	200,	191,	185,	182,	177,	178,	174,	172,	171,	168,	168,	
-34,	-33,	-35,	-35,	-35,	-38,	-35,	-37,	-39,	-42,	-46,	-46,	-49,	-18,	25,	59,	85,	81,	65,	52,	39,	33,	24,	18,	15,	10,	11,	7,	5,	4,	1,	1,	
0,	1,	-1,	-1,	-1,	-4,	-1,	-3,	-5,	-8,	-12,	-12,	-15,	16,	59,	93,	119,	115,	99,	86,	73,	67,	58,	52,	49,	44,	45,	41,	39,	38,	35,	35,	

274,	272,	273,	273,	272,	273,	272,	274,	272,	272,	273,	272,	273,	272,	273,	273,	272,	274,	273,	273,	275,	273,	275,	274,	275,	276,	274,	275,	275,	274,	275,	275,	
1,	-1,	0,	0,	-1,	0,	-1,	1,	-1,	-1,	0,	-1,	0,	-1,	0,	0,	-1,	1,	0,	0,	2,	0,	2,	1,	2,	3,	1,	2,	2,	1,	2,	2,	
1,	-1,	0,	0,	-1,	0,	-1,	1,	-1,	-1,	0,	-1,	0,	-1,	0,	0,	-1,	1,	0,	0,	2,	0,	2,	1,	2,	3,	1,	2,	2,	1,	2,	2,	

280,	279,	279,	280,	279,	281,	280,	275,	263,	249,	240,	238,	358,	463,	528,	571,	563,	528,	498,	468,	445,	425,	410,	399,	388,	381,	372,	366,	360,	355,	353,	347,	
-89,	-90,	-90,	-89,	-90,	-88,	-89,	-94,	-106,	-120,	-129,	-131,	-11,	94,	159,	202,	194,	159,	129,	99,	76,	56,	41,	30,	19,	12,	3,	-3,	-9,	-14,	-16,	-22,	
0,	-1,	-1,	0,	-1,	1,	0,	-5,	-17,	-31,	-40,	-42,	78,	183,	248,	291,	283,	248,	218,	188,	165,	145,	130,	119,	108,	101,	92,	86,	80,	75,	73,	67,	

276,	274,	276,	276,	277,	277,	276,	278,	277,	276,	280,	278,	280,	278,	278,	281,	279,	281,	280,	279,	281,	280,	282,	281,	280,	281,	279,	280,	280,	279,	280,	278,	
-3,	-5,	-3,	-3,	-2,	-2,	-3,	-1,	-2,	-3,	1,	-1,	1,	-1,	-1,	2,	0,	2,	1,	0,	2,	1,	3,	2,	1,	2,	0,	1,	1,	0,	1,	-1,	
0,	-2,	0,	0,	1,	1,	0,	2,	1,	0,	4,	2,	4,	2,	2,	5,	3,	5,	4,	3,	5,	4,	6,	5,	4,	5,	3,	4,	4,	3,	4,	2,	

280,	278,	279,	278,	278,	279,	278,	279,	278,	271,	261,	266,	388,	481,	535,	566,	591,	611,	590,	551,	520,	489,	466,	447,	431,	419,	408,	399,	391,	384,	379,	373,	
-118,	-120,	-119,	-120,	-120,	-119,	-120,	-119,	-120,	-127,	-137,	-132,	-10,	83,	137,	168,	193,	213,	192,	153,	122,	91,	68,	49,	33,	21,	10,	1,	-7,	-14,	-19,	-25,	
1,	-1,	0,	-1,	-1,	0,	-1,	0,	-1,	-8,	-18,	-13,	109,	202,	256,	287,	312,	332,	311,	272,	241,	210,	187,	168,	152,	140,	129,	120,	112,	105,	100,	94,	

275,	275,	273,	276,	274,	275,	275,	274,	274,	260,	249,	239,	231,	304,	427,	503,	548,	553,	522,	488,	459,	437,	418,	405,	391,	382,	373,	365,	361,	355,	352,	349,	
-83,	-83,	-85,	-82,	-84,	-83,	-83,	-84,	-84,	-98,	-109,	-119,	-127,	-54,	69,	145,	190,	195,	164,	130,	101,	79,	60,	47,	33,	24,	15,	7,	3,	-3,	-6,	-9,	
0,	0,	-2,	1,	-1,	0,	0,	-1,	-1,	-15,	-26,	-36,	-44,	29,	152,	228,	273,	278,	247,	213,	184,	162,	143,	130,	116,	107,	98,	90,	86,	80,	77,	74,	

271,	273,	273,	272,	273,	272,	273,	270,	272,	272,	259,	239,	259,	321,	364,	388,	409,	424,	430,	414,	394,	377,	363,	354,	347,	340,	337,	333,	331,	329,	328,	326,	
-54,	-52,	-52,	-53,	-52,	-53,	-52,	-55,	-53,	-53,	-66,	-86,	-66,	-4,	39,	63,	84,	99,	105,	89,	69,	52,	38,	29,	22,	15,	12,	8,	6,	4,	3,	1,	
-1,	1,	1,	0,	1,	0,	1,	-2,	0,	0,	-13,	-33,	-13,	49,	92,	116,	137,	152,	158,	142,	122,	105,	91,	82,	75,	68,	65,	61,	59,	57,	56,	54,	

389,	386,	386,	387,	386,	388,	388,	382,	357,	336,	322,	311,	366,	442,	489,	516,	516,	496,	475,	459,	448,	439,	431,	425,	420,	417,	414,	411,	409,	407,	407,	405,	
-24,	-27,	-27,	-26,	-27,	-25,	-25,	-31,	-56,	-77,	-91,	-102,	-47,	29,	76,	103,	103,	83,	62,	46,	35,	26,	18,	12,	7,	4,	1,	-2,	-4,	-6,	-6,	-8,	
2,	-1,	-1,	0,	-1,	1,	1,	-5,	-30,	-51,	-65,	-76,	-21,	55,	102,	129,	129,	109,	88,	72,	61,	52,	44,	38,	33,	30,	27,	24,	22,	20,	20,	18,	

370,	370,	371,	371,	370,	371,	371,	372,	372,	373,	373,	373,	374,	374,	375,	375,	374,	375,	376,	376,	377,	376,	377,	377,	378,	379,	378,	378,	379,	378,	380,	379,	
-5,	-5,	-4,	-4,	-5,	-4,	-4,	-3,	-3,	-2,	-2,	-2,	-1,	-1,	0,	0,	-1,	0,	1,	1,	2,	1,	2,	2,	3,	4,	3,	3,	4,	3,	5,	4,	
0,	0,	1,	1,	0,	1,	1,	2,	2,	3,	3,	3,	4,	4,	5,	5,	4,	5,	6,	6,	7,	6,	7,	7,	8,	9,	8,	8,	9,	8,	10,	9,	

391,	391,	391,	390,	392,	391,	391,	391,	391,	386,	362,	342,	326,	318,	368,	440,	488,	517,	513,	493,	477,	463,	452,	443,	436,	432,	427,	423,	417,	410,	404,	397,	
-23,	-23,	-23,	-24,	-22,	-23,	-23,	-23,	-23,	-28,	-52,	-72,	-88,	-96,	-46,	26,	74,	103,	99,	79,	63,	49,	38,	29,	22,	18,	13,	9,	3,	-4,	-10,	-17,	
0,	0,	0,	-1,	1,	0,	0,	0,	0,	-5,	-29,	-49,	-65,	-73,	-23,	49,	97,	126,	122,	102,	86,	72,	61,	52,	45,	41,	36,	32,	26,	19,	13,	6,	

79,	79,	78,	79,	80,	80,	81,	79,	78,	76,	74,	74,	83,	105,	126,	145,	150,	144,	137,	132,	128,	123,	122,	120,	120,	118,	117,	115,	115,	115,	115,	115,	
-27,	-27,	-28,	-27,	-26,	-26,	-25,	-27,	-28,	-30,	-32,	-32,	-23,	-1,	20,	39,	44,	38,	31,	26,	22,	17,	16,	14,	14,	12,	11,	9,	9,	9,	9,	9,	
0,	0,	-1,	0,	1,	1,	2,	0,	-1,	-3,	-5,	-5,	4,	26,	47,	66,	71,	65,	58,	53,	49,	44,	43,	41,	41,	39,	38,	36,	36,	36,	36,	36,	

129,	131,	131,	132,	130,	130,	130,	131,	130,	130,	130,	130,	130,	130,	131,	130,	130,	129,	130,	129,	129,	129,	129,	129,	130,	128,	130,	130,	129,	130,	130,	131,	
-1,	1,	1,	2,	0,	0,	0,	1,	0,	0,	0,	0,	0,	0,	1,	0,	0,	-1,	0,	-1,	-1,	-1,	-1,	-1,	0,	-2,	0,	0,	-1,	0,	0,	1,	
-2,	0,	0,	1,	-1,	-1,	-1,	0,	-1,	-1,	-1,	-1,	-1,	-1,	0,	-1,	-1,	-2,	-1,	-2,	-2,	-2,	-2,	-2,	-1,	-3,	-1,	-1,	-2,	-1,	-1,	0,	

130,	131,	131,	132,	131,	131,	130,	128,	127,	123,	119,	115,	113,	126,	156,	194,	226,	238,	228,	214,	201,	192,	184,	176,	172,	169,	165,	162,	158,	156,	154,	152,	
-28,	-27,	-27,	-26,	-27,	-27,	-28,	-30,	-31,	-35,	-39,	-43,	-45,	-32,	-2,	36,	68,	80,	70,	56,	43,	34,	26,	18,	14,	11,	7,	4,	0,	-2,	-4,	-6,	
-1,	0,	0,	1,	0,	0,	-1,	-3,	-4,	-8,	-12,	-16,	-18,	-5,	25,	63,	95,	107,	97,	83,	70,	61,	53,	45,	41,	38,	34,	31,	27,	25,	23,	21,	

157,	157,	157,	157,	156,	156,	155,	154,	154,	147,	142,	136,	133,	129,	126,	150,	210,	253,	287,	299,	281,	261,	245,	234,	224,	214,	208,	202,	199,	195,	191,	188,	
-32,	-32,	-32,	-32,	-33,	-33,	-34,	-35,	-35,	-42,	-47,	-53,	-56,	-60,	-63,	-39,	21,	64,	98,	110,	92,	72,	56,	45,	35,	25,	19,	13,	10,	6,	2,	-1,	
0,	0,	0,	0,	-1,	-1,	-2,	-3,	-3,	-10,	-15,	-21,	-24,	-28,	-31,	-7,	53,	96,	130,	142,	124,	104,	88,	77,	67,	57,	51,	45,	42,	38,	34,	31,	

134,	135,	135,	134,	135,	136,	136,	137,	131,	128,	121,	119,	138,	203,	261,	300,	316,	300,	275,	256,	240,	231,	222,	214,	207,	201,	199,	195,	191,	189,	186,	184,	
-56,	-55,	-55,	-56,	-55,	-54,	-54,	-53,	-59,	-62,	-69,	-71,	-52,	13,	71,	110,	126,	110,	85,	66,	50,	41,	32,	24,	17,	11,	9,	5,	1,	-1,	-4,	-6,	
0,	1,	1,	0,	1,	2,	2,	3,	-3,	-6,	-13,	-15,	4,	69,	127,	166,	182,	166,	141,	122,	106,	97,	88,	80,	73,	67,	65,	61,	57,	55,	52,	50,	

167,	166,	167,	168,	169,	168,	168,	168,	168,	170,	165,	157,	172,	252,	318,	357,	382,	363,	335,	311,	295,	279,	268,	257,	249,	243,	238,	232,	230,	226,	222,	219,	
-66,	-67,	-66,	-65,	-64,	-65,	-65,	-65,	-65,	-63,	-68,	-76,	-61,	19,	85,	124,	149,	130,	102,	78,	62,	46,	35,	24,	16,	10,	5,	-1,	-3,	-7,	-11,	-14,	
0,	-1,	0,	1,	2,	1,	1,	1,	1,	3,	-2,	-10,	5,	85,	151,	190,	215,	196,	168,	144,	128,	112,	101,	90,	82,	76,	71,	65,	63,	59,	55,	52,	

164,	163,	163,	163,	163,	163,	162,	162,	162,	162,	161,	154,	156,	225,	294,	337,	372,	397,	414,	397,	370,	341,	317,	299,	286,	276,	266,	257,	251,	246,	241,	236,	
-84,	-85,	-85,	-85,	-85,	-85,	-86,	-86,	-86,	-86,	-87,	-94,	-92,	-23,	46,	89,	124,	149,	166,	149,	122,	93,	69,	51,	38,	28,	18,	9,	3,	-2,	-7,	-12,	
1,	0,	0,	0,	0,	0,	-1,	-1,	-1,	-1,	-2,	-9,	-7,	62,	131,	174,	209,	234,	251,	234,	207,	178,	154,	136,	123,	113,	103,	94,	88,	83,	78,	73,	

224,	223,	222,	225,	223,	224,	223,	224,	224,	222,	224,	224,	224,	224,	223,	225,	223,	223,	224,	223,	224,	223,	223,	224,	223,	224,	223,	223,	224,	223,	225,	223,	
0,	-1,	-2,	1,	-1,	0,	-1,	0,	0,	-2,	0,	0,	0,	0,	-1,	1,	-1,	-1,	0,	-1,	0,	-1,	-1,	0,	-1,	0,	-1,	-1,	0,	-1,	1,	-1,	
0,	-1,	-2,	1,	-1,	0,	-1,	0,	0,	-2,	0,	0,	0,	0,	-1,	1,	-1,	-1,	0,	-1,	0,	-1,	-1,	0,	-1,	0,	-1,	-1,	0,	-1,	1,	-1,	

225,	222,	223,	224,	223,	224,	223,	224,	223,	213,	204,	194,	190,	257,	362,	428,	467,	466,	438,	406,	380,	359,	344,	331,	321,	312,	303,	299,	294,	289,	286,	283,	
-70,	-73,	-72,	-71,	-72,	-71,	-72,	-71,	-72,	-82,	-91,	-101,	-105,	-38,	67,	133,	172,	171,	143,	111,	85,	64,	49,	36,	26,	17,	8,	4,	-1,	-6,	-9,	-12,	
1,	-2,	-1,	0,	-1,	0,	-1,	0,	-1,	-11,	-20,	-30,	-34,	33,	138,	204,	243,	242,	214,	182,	156,	135,	120,	107,	97,	88,	79,	75,	70,	65,	62,	59,	

275,	274,	275,	278,	276,	278,	279,	278,	280,	261,	242,	225,	213,	239,	314,	373,	406,	417,	403,	385,	370,	357,	348,	342,	337,	334,	330,	328,	326,	322,	322,	319,	
-38,	-39,	-38,	-35,	-37,	-35,	-34,	-35,	-33,	-52,	-71,	-88,	-100,	-74,	1,	60,	93,	104,	90,	72,	57,	44,	35,	29,	24,	21,	17,	15,	13,	9,	9,	6,	
-1,	-2,	-1,	2,	0,	2,	3,	2,	4,	-15,	-34,	-51,	-63,	-37,	38,	97,	130,	141,	127,	109,	94,	81,	72,	66,	61,	58,	54,	52,	50,	46,	46,	43,	

369,	369,	369,	369,	371,	371,	372,	373,	372,	374,	373,	374,	374,	372,	374,	374,	373,	373,	372,	373,	371,	371,	371,	371,	372,	371,	372,	372,	372,	374,	373,	374,	
-3,	-3,	-3,	-3,	-1,	-1,	0,	1,	0,	2,	1,	2,	2,	0,	2,	2,	1,	1,	0,	1,	-1,	-1,	-1,	-1,	0,	-1,	0,	0,	0,	2,	1,	2,	
0,	0,	0,	0,	2,	2,	3,	4,	3,	5,	4,	5,	5,	3,	5,	5,	4,	4,	3,	4,	2,	2,	2,	2,	3,	2,	3,	3,	3,	5,	4,	5,	

376,	376,	377,	377,	377,	378,	378,	377,	357,	332,	315,	302,	338,	413,	465,	496,	499,	482,	464,	447,	436,	426,	420,	414,	407,	404,	401,	398,	395,	386,	379,	371,	
-23,	-23,	-22,	-22,	-22,	-21,	-21,	-22,	-42,	-67,	-84,	-97,	-61,	14,	66,	97,	100,	83,	65,	48,	37,	27,	21,	15,	8,	5,	2,	-1,	-4,	-13,	-20,	-28,	
0,	0,	1,	1,	1,	2,	2,	1,	-19,	-44,	-61,	-74,	-38,	37,	89,	120,	123,	106,	88,	71,	60,	50,	44,	38,	31,	28,	25,	22,	19,	10,	3,	-5,	

166,	167,	167,	168,	168,	168,	167,	167,	166,	164,	152,	154,	209,	257,	286,	307,	297,	277,	262,	251,	241,	235,	230,	227,	223,	223,	221,	220,	220,	220,	219,	218,	
-47,	-46,	-46,	-45,	-45,	-45,	-46,	-46,	-47,	-49,	-61,	-59,	-4,	44,	73,	94,	84,	64,	49,	38,	28,	22,	17,	14,	10,	10,	8,	7,	7,	7,	6,	5,	
-1,	0,	0,	1,	1,	1,	0,	0,	-1,	-3,	-15,	-13,	42,	90,	119,	140,	130,	110,	95,	84,	74,	68,	63,	60,	56,	56,	54,	53,	53,	53,	52,	51,	

315,	317,	317,	319,	321,	322,	322,	323,	307,	289,	275,	263,	279,	344,	395,	424,	440,	426,	409,	395,	385,	376,	370,	366,	361,	358,	357,	355,	353,	352,	350,	349,	
-33,	-31,	-31,	-29,	-27,	-26,	-26,	-25,	-41,	-59,	-73,	-85,	-69,	-4,	47,	76,	92,	78,	61,	47,	37,	28,	22,	18,	13,	10,	9,	7,	5,	4,	2,	1,	
-2,	0,	0,	2,	4,	5,	5,	6,	-10,	-28,	-42,	-54,	-38,	27,	78,	107,	123,	109,	92,	78,	68,	59,	53,	49,	44,	41,	40,	38,	36,	35,	33,	32,	

351,	349,	349,	348,	349,	347,	347,	349,	348,	348,	347,	348,	349,	348,	348,	348,	348,	347,	348,	347,	347,	347,	347,	346,	346,	346,	347,	346,	347,	346,	345,	346,	
4,	2,	2,	1,	2,	0,	0,	2,	1,	1,	0,	1,	2,	1,	1,	1,	1,	0,	1,	0,	0,	0,	0,	-1,	-1,	-1,	0,	-1,	0,	-1,	-2,	-1,	
2,	0,	0,	-1,	0,	-2,	-2,	0,	-1,	-1,	-2,	-1,	0,	-1,	-1,	-1,	-1,	-2,	-1,	-2,	-2,	-2,	-2,	-3,	-3,	-3,	-2,	-3,	-2,	-3,	-4,	-3,	

283,	285,	285,	287,	289,	291,	292,	293,	294,	294,	277,	267,	302,	358,	400,	425,	444,	457,	455,	434,	414,	399,	388,	379,	371,	365,	360,	357,	353,	351,	349,	347,	
-65,	-63,	-63,	-61,	-59,	-57,	-56,	-55,	-54,	-54,	-71,	-81,	-46,	10,	52,	77,	96,	109,	107,	86,	66,	51,	40,	31,	23,	17,	12,	9,	5,	3,	1,	-1,	
-2,	0,	0,	2,	4,	6,	7,	8,	9,	9,	-8,	-18,	17,	73,	115,	140,	159,	172,	170,	149,	129,	114,	103,	94,	86,	80,	75,	72,	68,	66,	64,	62,	

360,	361,	362,	362,	363,	364,	364,	362,	342,	322,	309,	298,	330,	393,	438,	466,	469,	452,	436,	424,	414,	408,	402,	396,	394,	391,	389,	385,	383,	377,	370,	363,	
-23,	-22,	-21,	-21,	-20,	-19,	-19,	-21,	-41,	-61,	-74,	-85,	-53,	10,	55,	83,	86,	69,	53,	41,	31,	25,	19,	13,	11,	8,	6,	2,	0,	-6,	-13,	-20,	
-1,	0,	1,	1,	2,	3,	3,	1,	-19,	-39,	-52,	-63,	-31,	32,	77,	105,	108,	91,	75,	63,	53,	47,	41,	35,	33,	30,	28,	24,	22,	16,	9,	2,	

848,	849,	847,	849,	848,	849,	849,	849,	849,	850,	850,	850,	849,	848,	846,	845,	844,	852,	870,	883,	891,	894,	886,	881,	873,	869,	865,	862,	861,	860,	858,	856,	
-11,	-10,	-12,	-10,	-11,	-10,	-10,	-10,	-10,	-9,	-9,	-9,	-10,	-11,	-13,	-14,	-15,	-7,	11,	24,	32,	35,	27,	22,	14,	10,	6,	3,	2,	1,	-1,	-3,	
0,	1,	-1,	1,	0,	1,	1,	1,	1,	2,	2,	2,	1,	0,	-2,	-3,	-4,	4,	22,	35,	43,	46,	38,	33,	25,	21,	17,	14,	13,	12,	10,	8,	

849,	850,	849,	850,	850,	850,	850,	849,	850,	849,	849,	851,	849,	850,	849,	849,	850,	849,	850,	849,	849,	850,	849,	850,	849,	849,	850,	849,	850,	850,	850,	850,	
-1,	0,	-1,	0,	0,	0,	0,	-1,	0,	-1,	-1,	1,	-1,	0,	-1,	-1,	0,	-1,	0,	-1,	-1,	0,	-1,	0,	-1,	-1,	0,	-1,	0,	0,	0,	0,	
-1,	0,	-1,	0,	0,	0,	0,	-1,	0,	-1,	-1,	1,	-1,	0,	-1,	-1,	0,	-1,	0,	-1,	-1,	0,	-1,	0,	-1,	-1,	0,	-1,	0,	0,	0,	0,	

850,	851,	850,	850,	850,	850,	850,	849,	849,	848,	845,	845,	842,	846,	866,	883,	895,	898,	892,	885,	878,	872,	868,	865,	863,	861,	859,	858,	857,	856,	857,	856,	
-11,	-10,	-11,	-11,	-11,	-11,	-11,	-12,	-12,	-13,	-16,	-16,	-19,	-15,	5,	22,	34,	37,	31,	24,	17,	11,	7,	4,	2,	0,	-2,	-3,	-4,	-5,	-4,	-5,	
0,	1,	0,	0,	0,	0,	0,	-1,	-1,	-2,	-5,	-5,	-8,	-4,	16,	33,	45,	48,	42,	35,	28,	22,	18,	15,	13,	11,	9,	8,	7,	6,	7,	6,	

840,	841,	840,	840,	839,	839,	840,	840,	840,	839,	839,	839,	839,	839,	837,	844,	853,	859,	863,	866,	870,	867,	862,	858,	854,	851,	849,	848,	848,	846,	844,	844,	
-7,	-6,	-7,	-7,	-8,	-8,	-7,	-7,	-7,	-8,	-8,	-8,	-8,	-8,	-10,	-3,	6,	12,	16,	19,	23,	20,	15,	11,	7,	4,	2,	1,	1,	-1,	-3,	-3,	
0,	1,	0,	0,	-1,	-1,	0,	0,	0,	-1,	-1,	-1,	-1,	-1,	-3,	4,	13,	19,	23,	26,	30,	27,	22,	18,	14,	11,	9,	8,	8,	6,	4,	4,	

185,	184,	183,	180,	182,	179,	179,	178,	177,	178,	175,	175,	175,	172,	173,	171,	171,	171,	168,	170,	168,	167,	168,	165,	166,	164,	164,	165,	163,	163,	161,	161,	
13,	12,	11,	8,	10,	7,	7,	6,	5,	6,	3,	3,	3,	0,	1,	-1,	-1,	-1,	-4,	-2,	-4,	-5,	-4,	-7,	-6,	-8,	-8,	-7,	-9,	-9,	-11,	-11,	
2,	1,	0,	-3,	-1,	-4,	-4,	-5,	-6,	-5,	-8,	-8,	-8,	-11,	-10,	-12,	-12,	-12,	-15,	-13,	-15,	-16,	-15,	-18,	-17,	-19,	-19,	-18,	-20,	-20,	-22,	-22,	

145,	144,	143,	144,	142,	142,	142,	141,	142,	141,	142,	141,	140,	143,	139,	141,	141,	139,	141,	138,	139,	140,	138,	140,	137,	139,	138,	137,	139,	137,	139,	139,	
5,	4,	3,	4,	2,	2,	2,	1,	2,	1,	2,	1,	0,	3,	-1,	1,	1,	-1,	1,	-2,	-1,	0,	-2,	0,	-3,	-1,	-2,	-3,	-1,	-3,	-1,	-1,	
1,	0,	-1,	0,	-2,	-2,	-2,	-3,	-2,	-3,	-2,	-3,	-4,	-1,	-5,	-3,	-3,	-5,	-3,	-6,	-5,	-4,	-6,	-4,	-7,	-5,	-6,	-7,	-5,	-7,	-5,	-5,	

836,	837,	837,	836,	837,	835,	836,	835,	834,	832,	831,	837,	852,	864,	873,	875,	870,	864,	859,	855,	852,	850,	849,	846,	846,	844,	845,	844,	843,	844,	843,	843,	
-10,	-9,	-9,	-10,	-9,	-11,	-10,	-11,	-12,	-14,	-15,	-9,	6,	18,	27,	29,	24,	18,	13,	9,	6,	4,	3,	0,	0,	-2,	-1,	-2,	-3,	-2,	-3,	-3,	
0,	1,	1,	0,	1,	-1,	0,	-1,	-2,	-4,	-5,	1,	16,	28,	37,	39,	34,	28,	23,	19,	16,	14,	13,	10,	10,	8,	9,	8,	7,	8,	7,	7,	

54,	55,	56,	55,	55,	54,	54,	55,	55,	56,	55,	54,	55,	56,	56,	56,	55,	50,	48,	46,	47,	82,	117,	115,	108,	99,	91,	88,	84,	82,	79,	77,	
-13,	-12,	-11,	-12,	-12,	-13,	-13,	-12,	-12,	-11,	-12,	-13,	-12,	-11,	-11,	-11,	-12,	-17,	-19,	-21,	-20,	15,	50,	48,	41,	32,	24,	21,	17,	15,	12,	10,	
-1,	0,	1,	0,	0,	-1,	-1,	0,	0,	1,	0,	-1,	0,	1,	1,	1,	0,	-5,	-7,	-9,	-8,	27,	62,	60,	53,	44,	36,	33,	29,	27,	24,	22,	

116,	115,	116,	117,	117,	116,	117,	112,	105,	99,	94,	112,	176,	234,	272,	292,	273,	252,	231,	214,	200,	190,	183,	176,	171,	162,	160,	156,	154,	152,	149,	
-50,	-51,	-50,	-49,	-49,	-50,	-49,	-54,	-61,	-67,	-72,	-54,	10,	68,	106,	126,	107,	86,	65,	48,	34,	24,	17,	10,	5,	-4,	-6,	-10,	-12,	-14,	-17,	
0,	-1,	0,	1,	1,	0,	1,	-4,	-11,	-17,	-22,	-4,	60,	118,	156,	176,	157,	136,	115,	98,	84,	74,	67,	60,	55,	46,	44,	40,	38,	36,	33,	

309,	310,	311,	311,	312,	313,	314,	314,	314,	314,	293,	267,	304,	382,	427,	455,	459,	438,	418,	399,	386,	376,	367,	361,	357,	353,	351,	348,	345,	337,	328,	320,	
-41,	-40,	-39,	-39,	-38,	-37,	-36,	-36,	-36,	-36,	-57,	-83,	-46,	32,	77,	105,	109,	88,	68,	49,	36,	26,	17,	11,	7,	3,	1,	-2,	-5,	-13,	-22,	-30,	
-1,	0,	1,	1,	2,	3,	4,	4,	4,	4,	-17,	-43,	-6,	72,	117,	145,	149,	128,	108,	89,	76,	66,	57,	51,	47,	43,	41,	38,	35,	27,	18,	10,	

